snapshot pock_volume pock_asa pock_pol_asa pock_apol_asa pock_asa22 pock_pol_asa22 pock_apol_asa22 nb_AS mean_as_ray mean_as_solv_acc apol_as_prop mean_loc_hyd_dens hydrophobicity_score volume_score polarity_score charge_score prop_polar_atm as_density as_max_dst convex_hull_volume nb_abpa ALA ARG ASN ASP CYS GLN GLU GLY HIS ILE LEU LYS MET PHE PRO SER THR TRP TYR VAL
1 171.93 116.18 59.42 56.76 53.49 42.02 11.47 76 3.64 0.40 0.33 20.96 27.67 4.67 6 1 52.94 1.91 7.07 7.75 7   0   1   0   1   0   0   0   0   0   0   2   1   0   0   0   1   1   0   1   1
2 0.00 0.00 0.00 0.00 0.00 0.00 0.00 0 0.00 0.00 0.00 0.00 0.00 0.00 0 0 0.00 0.00 -1.00 0.00 0   0   0   0   0   0   0   0   0   0   0   0   0   0   0   0   0   0   0   0   0
3 156.44 94.16 19.29 74.87 39.10 10.43 28.67 78 3.89 0.55 0.47 32.43 38.29 4.71 4 0 40.00 0.98 3.89 2.77 3   0   0   0   1   0   0   0   0   0   0   2   1   0   0   0   0   1   0   1   1
4 0.00 0.00 0.00 0.00 0.00 0.00 0.00 0 0.00 0.00 0.00 0.00 0.00 0.00 0 0 0.00 0.00 -1.00 0.00 0   0   0   0   0   0   0   0   0   0   0   0   0   0   0   0   0   0   0   0   0
5 111.14 88.78 23.57 65.21 27.64 10.43 17.20 65 3.67 0.48 0.46 25.47 28.57 4.00 4 0 38.46 1.55 4.35 0.60 5   0   0   0   1   0   0   0   0   0   0   2   1   0   0   0   1   1   0   0   1
6 0.00 0.00 0.00 0.00 0.00 0.00 0.00 0 0.00 0.00 0.00 0.00 0.00 0.00 0 0 0.00 0.00 -1.00 0.00 0   0   0   0   0   0   0   0   0   0   0   0   0   0   0   0   0   0   0   0   0
7 0.00 0.00 0.00 0.00 0.00 0.00 0.00 0 0.00 0.00 0.00 0.00 0.00 0.00 0 0 0.00 0.00 -1.00 0.00 0   0   0   0   0   0   0   0   0   0   0   0   0   0   0   0   0   0   0   0   0
8 144.38 116.58 13.93 102.65 77.85 5.22 72.63 35 3.81 0.45 0.80 24.43 28.57 4.00 4 0 33.33 1.86 3.97 1.94 4   0   0   0   1   0   0   0   0   0   0   2   1   0   0   0   1   1   0   0   1
9 0.00 0.00 0.00 0.00 0.00 0.00 0.00 0 0.00 0.00 0.00 0.00 0.00 0.00 0 0 0.00 0.00 -1.00 0.00 0   0   0   0   0   0   0   0   0   0   0   0   0   0   0   0   0   0   0   0   0
10 0.00 0.00 0.00 0.00 0.00 0.00 0.00 0 0.00 0.00 0.00 0.00 0.00 0.00 0 0 0.00 0.00 -1.00 0.00 0   0   0   0   0   0   0   0   0   0   0   0   0   0   0   0   0   0   0   0   0
11 0.00 0.00 0.00 0.00 0.00 0.00 0.00 0 0.00 0.00 0.00 0.00 0.00 0.00 0 0 0.00 0.00 -1.00 0.00 0   0   0   0   0   0   0   0   0   0   0   0   0   0   0   0   0   0   0   0   0
12 81.07 63.10 18.41 44.68 9.10 5.27 3.82 81 3.68 0.41 0.78 56.00 28.57 4.00 4 0 38.46 1.02 2.66 0.22 4   0   0   0   1   0   0   0   0   0   0   2   1   0   0   0   1   1   0   0   1
13 115.81 64.79 12.86 51.93 17.20 0.00 17.20 85 3.94 0.51 0.60 44.67 25.00 3.62 4 0 33.33 0.80 2.99 1.24 3   0   0   0   1   0   0   0   1   0   0   2   1   0   0   0   1   1   0   0   1
14 106.94 63.42 23.57 39.85 5.56 1.74 3.82 47 3.66 0.39 0.47 17.45 33.50 4.25 4 0 42.86 1.07 3.06 1.18 5   0   0   0   1   0   0   0   1   0   0   2   1   0   0   0   0   1   0   1   1
15 102.12 87.88 41.99 45.89 29.06 17.59 11.47 24 3.55 0.34 0.50 6.83 23.25 4.38 5 1 63.64 1.58 4.55 0.92 5   0   1   0   1   0   0   0   0   0   0   2   1   0   0   0   1   1   0   0   1
16 83.14 57.66 21.43 36.23 19.65 13.91 5.73 19 3.65 0.54 0.26 2.80 17.17 3.83 4 0 36.36 1.23 2.29 0.31 4   0   0   0   1   0   0   0   0   0   0   1   1   0   0   0   1   1   0   0   1
17 141.17 98.89 60.25 38.64 55.97 34.95 21.02 8 3.85 0.58 0.00 0.00 22.17 4.17 4 0 70.00 2.35 5.56 0.00 4   0   1   0   1   0   0   0   0   0   0   2   0   0   0   0   1   1   0   0   0
18 112.04 57.66 21.43 36.23 17.91 12.17 5.73 44 3.84 0.51 0.27 7.50 28.57 4.00 4 0 36.36 0.86 2.69 0.42 3   0   0   0   1   0   0   0   0   0   0   2   1   0   0   0   1   1   0   0   1
19 119.36 85.45 44.39 41.06 25.35 15.79 9.56 92 3.64 0.44 0.50 39.04 37.38 4.12 4 0 40.00 1.08 4.16 2.04 3   0   0   0   1   0   0   0   0   0   1   2   1   0   0   0   1   1   0   0   1
20 0.00 0.00 0.00 0.00 0.00 0.00 0.00 0 0.00 0.00 0.00 0.00 0.00 0.00 0 0 0.00 0.00 -1.00 0.00 0   0   0   0   0   0   0   0   0   0   0   0   0   0   0   0   0   0   0   0   0
21 0.00 0.00 0.00 0.00 0.00 0.00 0.00 0 0.00 0.00 0.00 0.00 0.00 0.00 0 0 0.00 0.00 -1.00 0.00 0   0   0   0   0   0   0   0   0   0   0   0   0   0   0   0   0   0   0   0   0
22 176.00 133.66 63.61 70.04 66.38 47.26 19.11 94 3.56 0.50 0.43 33.60 25.00 3.62 4 0 47.06 1.18 6.15 4.29 3   0   0   0   1   0   0   0   1   0   0   2   1   0   0   0   1   1   0   0   1
23 0.00 0.00 0.00 0.00 0.00 0.00 0.00 0 0.00 0.00 0.00 0.00 0.00 0.00 0 0 0.00 0.00 -1.00 0.00 0   0   0   0   0   0   0   0   0   0   0   0   0   0   0   0   0   0   0   0   0
24 168.69 115.42 61.07 54.34 68.15 45.21 22.94 17 3.53 0.38 0.53 0.00 29.40 3.60 3 -1 62.50 0.89 5.39 0.02 2   0   0   0   1   0   0   0   0   0   0   2   0   0   0   0   1   1   0   0   0
25 146.29 87.60 23.59 64.00 10.95 5.22 5.73 79 3.88 0.55 0.47 33.30 50.57 5.00 3 0 33.33 1.26 4.57 2.07 3   0   0   0   1   0   0   0   0   0   1   2   1   0   0   0   0   0   0   1   1
26 101.84 66.38 19.29 47.10 7.65 0.00 7.65 33 3.66 0.40 0.27 7.33 32.88 4.38 5 0 40.00 1.16 3.10 1.61 4   0   0   0   1   0   0   0   0   0   0   2   1   0   0   0   1   1   0   1   1
27 67.88 47.63 15.02 32.61 3.82 0.00 3.82 22 3.69 0.41 0.36 6.25 33.50 4.25 4 0 40.00 0.83 1.54 0.17 4   0   0   0   1   0   0   0   1   0   0   2   1   0   0   0   0   1   0   1   1
28 114.90 83.86 15.02 68.83 17.20 0.00 17.20 50 3.84 0.52 0.36 15.67 33.50 4.25 4 0 33.33 1.40 3.40 1.16 5   0   0   0   1   0   0   0   1   0   0   2   1   0   0   0   0   1   0   1   1
29 181.88 107.47 28.97 78.50 59.78 13.91 45.87 74 4.03 0.55 0.39 25.31 38.29 4.71 4 0 29.41 1.05 4.38 3.20 4   0   0   0   1   0   0   0   0   0   0   2   1   0   0   0   0   1   0   1   1
30 61.46 52.18 7.50 44.68 28.33 3.48 24.85 6 3.49 0.45 1.00 4.67 26.33 4.33 3 0 25.00 2.25 4.14 0.00 2   0   0   0   1   0   0   0   1   0   0   1   1   0   0   0   0   0   0   1   1
31 105.52 70.92 33.48 37.44 5.30 5.30 0.00 65 3.81 0.39 0.40 20.77 38.29 4.71 4 0 46.15 0.94 3.18 1.05 5   0   0   0   1   0   0   0   0   0   0   2   1   0   0   0   0   1   0   1   1
32 157.80 114.42 41.96 72.46 34.85 15.74 19.11 29 3.66 0.39 0.55 12.88 32.88 4.38 5 0 42.86 2.11 6.62 4.23 5   0   0   0   1   0   0   0   0   0   0   2   1   0   0   0   1   1   0   1   1
33 107.38 86.29 27.12 59.17 16.60 7.04 9.56 14 3.74 0.34 0.71 8.40 19.00 4.62 6 1 25.00 1.79 3.44 0.72 2   0   1   0   1   0   0   0   0   0   0   1   1   0   0   0   1   1   0   1   1
34 105.58 69.85 30.00 39.85 36.68 15.65 21.02 48 3.80 0.55 0.10 4.00 40.86 4.14 4 -1 46.15 0.66 2.44 0.46 3   0   0   0   1   0   0   0   0   0   0   2   0   0   0   0   1   1   0   1   1
35 47.24 23.59 13.93 9.66 10.95 5.22 5.73 3 3.77 0.64 0.00 0.00 6.33 4.67 2 0 60.00 0.17 0.20 0.00 3   0   0   0   1   0   0   0   0   0   0   1   1   0   0   0   0   0   0   0   0
36 199.26 108.81 30.31 78.50 59.95 14.08 45.87 48 4.10 0.54 0.52 22.40 27.67 4.67 6 1 41.18 1.81 4.35 2.22 5   0   1   0   1   0   0   0   0   0   0   2   1   0   0   0   1   1   0   1   1
37 0.00 0.00 0.00 0.00 0.00 0.00 0.00 0 0.00 0.00 0.00 0.00 0.00 0.00 0 0 0.00 0.00 -1.00 0.00 0   0   0   0   0   0   0   0   0   0   0   0   0   0   0   0   0   0   0   0   0
38 122.21 83.56 17.14 66.42 22.76 1.74 21.02 34 3.55 0.40 0.47 9.62 32.88 4.38 5 0 46.15 1.12 4.15 2.19 4   0   0   0   1   0   0   0   0   0   0   2   1   0   0   0   1   1   0   1   1
39 77.37 60.16 22.72 37.44 12.92 5.27 7.65 34 3.60 0.28 0.79 18.81 31.60 5.00 3 0 50.00 0.94 2.06 0.13 3   0   0   0   1   0   0   0   0   0   0   1   1   0   0   0   0   0   0   1   1
40 161.13 93.29 38.95 54.34 41.95 22.83 19.11 70 3.89 0.55 0.27 16.53 29.22 4.00 5 0 45.00 1.75 4.92 2.30 8   0   0   0   1   0   0   0   1   0   0   2   1   0   0   0   1   1   0   1   1
41 181.57 118.05 72.16 45.89 62.41 49.03 13.38 51 3.93 0.48 0.45 16.52 32.88 4.38 5 0 57.14 1.02 5.00 1.97 5   0   0   0   1   0   0   0   0   0   0   2   1   0   0   0   1   1   0   1   1
42 150.88 115.47 43.01 72.46 40.21 19.19 21.02 30 3.63 0.35 0.53 11.88 36.20 4.10 5 0 55.56 2.49 6.03 6.49 7   0   0   0   1   0   0   0   1   0   1   2   1   0   0   0   1   1   0   1   1
43 91.50 57.50 32.14 25.36 3.48 3.48 0.00 63 3.66 0.45 0.22 7.00 32.88 4.38 5 0 41.67 0.77 2.66 0.85 3   0   0   0   1   0   0   0   0   0   0   2   1   0   0   0   1   1   0   1   1
44 169.93 99.77 32.14 67.63 63.09 19.13 43.96 32 4.25 0.61 0.19 4.67 26.71 4.43 5 0 35.71 1.16 2.55 0.50 2   0   0   0   1   0   0   0   0   0   0   2   1   0   0   0   1   1   0   1   0
45 134.67 81.56 23.59 57.97 27.64 10.43 17.20 44 4.14 0.47 0.27 8.17 29.22 4.00 5 0 41.67 0.91 2.54 1.27 4   0   0   0   1   0   0   0   1   0   0   2   1   0   0   0   1   1   0   1   1
46 147.10 92.41 23.57 68.83 30.06 5.22 24.85 24 3.85 0.44 0.83 17.30 32.88 4.38 5 0 33.33 1.84 3.66 2.41 2   0   0   0   1   0   0   0   0   0   0   2   1   0   0   0   1   1   0   1   1
47 150.14 97.24 23.57 73.67 31.46 10.43 21.02 53 4.32 0.49 0.32 13.41 32.88 4.38 5 0 38.46 0.83 2.42 0.45 3   0   0   0   1   0   0   0   0   0   0   2   1   0   0   0   1   1   0   1   1
48 83.28 41.16 18.21 22.94 5.39 3.48 1.91 11 3.91 0.42 0.00 0.00 25.50 4.50 4 0 50.00 0.59 1.65 0.03 4   0   0   0   1   0   0   0   0   0   0   1   1   0   0   0   1   0   0   1   1
49 232.35 142.26 52.90 89.36 83.95 43.81 40.14 39 3.97 0.54 0.74 26.21 29.22 4.00 5 0 38.89 1.97 5.75 6.04 4   0   0   0   1   0   0   0   1   0   0   2   1   0   0   0   1   1   0   1   1
50 116.53 74.72 20.38 54.34 30.94 15.65 15.29 20 3.55 0.50 0.60 8.83 29.22 4.00 5 0 38.46 2.05 4.49 1.72 4   0   0   0   1   0   0   0   1   0   0   2   1   0   0   0   1   1   0   1   1
51 97.99 68.54 11.79 56.76 15.12 1.74 13.38 31 3.67 0.35 0.52 12.38 28.57 4.00 4 0 30.00 1.57 4.27 0.60 3   0   0   0   1   0   0   0   0   0   0   2   1   0   0   0   1   1   0   0   1
52 78.05 83.47 30.33 53.14 64.25 29.84 34.40 5 3.89 0.74 0.20 0.00 17.20 4.80 4 0 44.44 0.81 1.77 0.00 2   0   1   0   1   0   0   0   0   0   0   1   0   0   0   0   1   0   0   1   0
53 144.22 87.08 27.90 59.17 27.98 6.96 21.02 62 3.95 0.60 0.11 5.43 29.22 4.00 5 0 60.00 1.06 2.78 1.54 8   0   0   0   1   0   0   0   1   0   0   2   1   0   0   0   1   1   0   1   1
54 77.55 45.57 23.84 21.74 27.03 19.38 7.65 3 3.97 0.62 0.33 0.00 5.75 4.25 3 0 50.00 0.66 0.99 0.00 2   0   1   0   1   0   0   0   0   0   0   1   0   0   0   0   1   0   0   0   0
55 101.10 61.55 19.29 42.27 7.30 3.48 3.82 75 3.78 0.45 0.60 37.69 32.88 4.38 5 0 40.00 0.87 2.98 1.32 4   0   0   0   1   0   0   0   0   0   0   2   1   0   0   0   1   1   0   1   1
56 121.49 71.88 23.57 48.31 39.98 20.87 19.11 26 3.61 0.54 0.58 12.00 29.22 4.00 5 0 46.15 1.81 3.77 1.43 2   0   0   0   1   0   0   0   1   0   0   2   1   0   0   0   1   1   0   1   1
57 92.21 65.04 20.36 44.68 1.74 1.74 0.00 59 3.81 0.44 0.41 20.25 38.29 4.71 4 0 38.46 0.86 2.73 0.50 3   0   0   0   1   0   0   0   0   0   0   2   1   0   0   0   0   1   0   1   1
58 145.05 102.19 32.14 70.04 43.46 24.35 19.11 33 3.64 0.43 0.73 20.00 32.88 4.38 5 0 31.25 2.10 5.59 3.61 2   0   0   0   1   0   0   0   0   0   0   2   1   0   0   0   1   1   0   1   1
59 72.49 46.01 8.57 37.44 16.86 3.48 13.38 12 3.77 0.48 0.50 1.67 38.40 4.60 2 0 37.50 0.82 1.83 0.01 3   0   0   0   1   0   0   0   0   0   0   2   1   0   0   0   0   0   0   0   1
60 130.27 73.07 33.22 39.85 29.20 13.91 15.29 59 3.82 0.53 0.47 22.57 29.22 4.00 5 0 50.00 1.34 3.58 3.41 5   0   0   0   1   0   0   0   1   0   0   2   1   0   0   0   1   1   0   1   1
61 65.62 37.71 7.52 30.19 1.91 0.00 1.91 30 3.65 0.43 0.20 1.67 35.71 4.57 4 0 50.00 0.60 1.31 0.04 3   0   0   0   1   0   0   0   0   0   0   2   1   0   0   0   1   0   0   1   1
62 132.36 65.58 16.07 49.51 31.46 10.43 21.02 46 3.97 0.51 0.30 11.71 35.71 4.57 4 0 46.15 1.03 2.36 0.70 4   0   0   0   1   0   0   0   0   0   0   2   1   0   0   0   1   0   0   1   1
63 103.66 101.79 28.12 73.67 5.45 3.53 1.91 31 3.66 0.38 0.39 9.67 35.71 4.57 4 0 38.46 1.63 3.99 0.74 3   0   0   0   1   0   0   0   0   0   0   2   1   0   0   0   1   0   0   1   1
64 96.43 44.66 9.64 35.02 13.38 0.00 13.38 26 3.88 0.48 0.38 8.20 39.75 4.12 4 1 40.00 0.91 2.13 0.39 3   0   0   0   0   0   0   0   1   0   0   2   1   0   0   0   1   1   0   1   1
65 85.12 51.52 3.21 48.31 7.65 0.00 7.65 54 3.49 0.37 0.81 38.09 23.71 4.29 5 0 21.43 1.22 3.83 0.58 2   0   0   0   1   0   0   0   0   0   0   1   1   0   0   0   1   1   0   1   1
66 142.01 87.17 36.45 50.72 46.23 15.65 30.58 39 3.69 0.53 0.33 8.00 31.17 4.17 3 0 50.00 0.96 5.08 0.42 5   0   0   0   1   0   0   0   0   0   0   2   1   0   0   0   1   0   0   0   1
67 135.55 72.17 11.79 60.38 26.41 3.48 22.94 43 3.97 0.44 0.58 20.40 32.88 4.38 5 0 28.57 1.11 3.33 0.57 4   0   0   0   1   0   0   0   0   0   0   2   1   0   0   0   1   1   0   1   1
68 88.68 51.23 15.00 36.23 11.47 0.00 11.47 41 3.76 0.47 0.34 9.86 35.71 4.57 4 0 50.00 0.73 1.77 0.21 5   0   0   0   1   0   0   0   0   0   0   2   1   0   0   0   1   0   0   1   1
69 154.55 96.58 28.95 67.63 35.11 12.17 22.94 62 3.92 0.58 0.18 8.55 35.71 4.57 4 0 42.86 1.28 2.74 1.97 5   0   0   0   1   0   0   0   0   0   0   2   1   0   0   0   1   0   0   1   1
70 154.81 94.40 36.43 57.97 46.23 15.65 30.58 47 3.94 0.53 0.02 0.00 35.71 4.57 4 0 50.00 1.30 4.27 2.29 3   0   0   0   1   0   0   0   0   0   0   2   1   0   0   0   1   0   0   1   1
71 162.67 112.65 35.36 77.29 35.63 6.96 28.67 28 3.77 0.46 0.57 13.00 32.88 4.38 5 0 40.00 2.17 4.66 3.83 5   0   0   0   1   0   0   0   0   0   0   2   1   0   0   0   1   1   0   1   1
72 158.61 73.48 30.00 43.47 40.50 15.65 24.85 75 3.94 0.53 0.45 28.76 29.22 4.00 5 0 46.67 1.18 3.54 2.72 5   0   0   0   1   0   0   0   1   0   0   2   1   0   0   0   1   1   0   1   1
73 109.71 60.74 25.72 35.02 33.03 13.91 19.11 31 3.83 0.52 0.00 0.00 35.71 4.57 4 0 45.45 0.88 3.99 0.26 4   0   0   0   1   0   0   0   0   0   0   2   1   0   0   0   1   0   0   1   1
74 0.00 0.00 0.00 0.00 0.00 0.00 0.00 0 0.00 0.00 0.00 0.00 0.00 0.00 0 0 0.00 0.00 -1.00 0.00 0   0   0   0   0   0   0   0   0   0   0   0   0   0   0   0   0   0   0   0   0
75 177.91 106.35 39.93 66.42 47.65 22.80 24.85 37 3.75 0.42 0.73 22.52 20.67 4.00 5 1 46.15 1.92 5.50 2.42 4   0   1   0   1   0   0   0   1   0   0   2   1   0   0   0   1   1   0   0   1
76 119.64 72.93 34.29 38.64 14.26 10.43 3.82 67 3.84 0.51 0.33 14.18 40.22 4.44 5 0 50.00 1.00 2.69 1.29 4   0   0   0   1   0   0   0   0   0   1   2   1   0   0   0   1   1   0   1   1
77 141.54 97.22 67.03 30.19 48.01 40.36 7.65 37 3.83 0.47 0.27 6.00 27.67 4.67 6 1 61.54 1.24 5.95 1.22 4   0   1   0   1   0   0   0   0   0   0   2   1   0   0   0   1   1   0   1   1
78 92.10 57.20 27.01 30.19 5.42 3.51 1.91 33 3.52 0.35 0.18 1.67 35.71 4.57 4 0 63.64 1.02 2.74 0.17 5   0   0   0   1   0   0   0   0   0   0   2   1   0   0   0   1   0   0   1   1
79 117.43 54.19 10.71 43.47 17.20 0.00 17.20 34 3.72 0.50 0.32 8.00 35.71 4.57 4 0 36.36 0.93 2.95 1.08 4   0   0   0   1   0   0   0   0   0   0   2   1   0   0   0   1   0   0   1   1
80 98.57 64.50 24.64 39.85 12.86 5.22 7.65 33 3.65 0.47 0.12 2.50 32.88 4.38 5 0 50.00 0.95 2.43 0.54 3   0   0   0   1   0   0   0   0   0   0   2   1   0   0   0   1   1   0   1   1
81 101.66 96.03 33.24 62.80 20.34 6.96 13.38 50 3.76 0.39 0.28 5.71 28.57 4.00 4 0 50.00 1.12 3.01 0.94 5   0   0   0   1   0   0   0   0   0   0   2   1   0   0   0   1   1   0   0   1
82 115.91 78.06 32.17 45.89 9.04 5.22 3.82 31 3.81 0.34 0.19 3.67 29.22 4.00 5 0 54.55 1.42 3.07 0.68 4   0   0   0   1   0   0   0   1   0   0   2   1   0   0   0   1   1   0   1   1
83 168.96 90.81 26.81 64.00 40.67 13.91 26.76 53 3.99 0.57 0.23 8.50 35.71 4.57 4 0 40.00 0.88 3.46 2.55 5   0   0   0   1   0   0   0   0   0   0   2   1   0   0   0   1   0   0   1   1
84 0.00 0.00 0.00 0.00 0.00 0.00 0.00 0 0.00 0.00 0.00 0.00 0.00 0.00 0 0 0.00 0.00 -1.00 0.00 0   0   0   0   0   0   0   0   0   0   0   0   0   0   0   0   0   0   0   0   0
85 75.76 69.34 16.20 53.14 5.42 3.51 1.91 32 3.54 0.29 0.53 10.82 28.57 4.00 4 0 44.44 1.03 2.45 0.15 4   0   0   0   1   0   0   0   0   0   0   2   1   0   0   0   1   1   0   0   1
86 130.11 92.02 26.81 65.21 31.63 8.69 22.94 41 3.90 0.49 0.24 8.20 32.88 4.38 5 0 42.86 1.19 3.39 0.73 5   0   0   0   1   0   0   0   0   0   0   2   1   0   0   0   1   1   0   1   1
87 30.68 31.23 20.36 10.87 17.91 12.17 5.73 10 3.49 0.58 0.00 0.00 46.33 4.33 1 -1 80.00 0.09 0.15 -1.00 2   0   0   0   1   0   0   0   0   0   0   2   0   0   0   0   0   0   0   0   0
88 111.46 67.17 32.14 35.02 26.95 17.39 9.56 52 3.88 0.51 0.23 8.33 40.22 4.44 5 0 46.67 0.97 3.28 0.92 4   0   0   0   1   0   0   0   0   0   1   2   1   0   0   0   1   1   0   1   1
89 150.58 82.73 33.22 49.51 30.42 20.87 9.56 81 3.82 0.42 0.32 20.69 40.22 4.44 5 0 37.50 1.37 4.36 3.26 2   0   0   0   1   0   0   0   0   0   1   2   1   0   0   0   1   1   0   1   1
90 0.00 0.00 0.00 0.00 0.00 0.00 0.00 0 0.00 0.00 0.00 0.00 0.00 0.00 0 0 0.00 0.00 -1.00 0.00 0   0   0   0   0   0   0   0   0   0   0   0   0   0   0   0   0   0   0   0   0
91 146.37 82.76 13.93 68.83 24.50 3.48 21.02 56 3.87 0.57 0.16 6.67 40.22 4.44 5 0 33.33 1.27 2.78 2.42 4   0   0   0   1   0   0   0   0   0   1   2   1   0   0   0   1   1   0   1   1
92 155.02 104.18 38.97 65.21 38.24 21.04 17.20 49 3.78 0.42 0.51 21.76 32.88 4.38 5 0 35.29 1.73 4.38 3.58 4   0   0   0   1   0   0   0   0   0   0   2   1   0   0   0   1   1   0   1   1
93 176.38 116.24 64.31 51.93 55.12 41.74 13.38 65 3.72 0.49 0.48 26.52 32.88 4.38 5 0 47.06 1.42 4.96 2.46 4   0   0   0   1   0   0   0   0   0   0   2   1   0   0   0   1   1   0   1   1
94 56.27 35.14 8.57 26.57 3.82 0.00 3.82 35 3.49 0.34 0.71 19.92 34.17 4.33 3 0 37.50 0.72 2.00 0.03 3   0   0   0   1   0   0   0   0   0   0   2   1   0   0   0   0   1   0   0   1
95 109.12 63.17 16.07 47.10 22.07 8.69 13.38 37 4.05 0.40 0.70 21.85 32.88 4.38 5 0 38.46 0.65 2.31 0.24 4   0   0   0   1   0   0   0   0   0   0   2   1   0   0   0   1   1   0   1   1
96 89.88 58.44 34.29 24.15 21.56 13.91 7.65 27 3.77 0.47 0.07 0.00 32.88 4.38 5 0 54.55 0.90 2.07 0.22 5   0   0   0   1   0   0   0   0   0   0   2   1   0   0   0   1   1   0   1   1
97 32.83 37.83 6.43 31.40 18.77 3.48 15.29 2 3.59 0.42 0.50 0.00 3.50 4.00 3 0 40.00 0.02 0.02 0.00 2   0   0   0   1   0   0   0   0   0   0   1   1   0   0   0   1   0   0   0   0
98 65.73 30.04 10.71 19.32 5.56 1.74 3.82 19 3.83 0.50 0.00 0.00 35.71 4.57 4 0 57.14 0.39 0.84 0.01 4   0   0   0   1   0   0   0   0   0   0   2   1   0   0   0   1   0   0   1   1
99 92.62 48.31 9.67 38.64 7.65 0.00 7.65 67 3.74 0.51 0.37 20.56 29.22 4.00 5 0 42.86 1.03 3.05 0.76 5   0   0   0   1   0   0   0   1   0   0   2   1   0   0   0   1   1   0   1   1
100 94.20 68.02 16.09 51.93 13.38 0.00 13.38 32 3.73 0.57 0.34 7.64 32.88 4.38 5 0 46.15 0.94 2.42 0.37 6   0   0   0   1   0   0   0   0   0   0   2   1   0   0   0   1   1   0   1   1
101 171.43 118.72 16.07 102.65 56.65 6.96 49.69 51 3.88 0.48 0.43 19.36 32.88 4.38 5 0 29.41 1.45 4.28 3.76 2   0   0   0   1   0   0   0   0   0   0   2   1   0   0   0   1   1   0   1   1
