snapshot pock_volume pock_asa pock_pol_asa pock_apol_asa pock_asa22 pock_pol_asa22 pock_apol_asa22 nb_AS mean_as_ray mean_as_solv_acc apol_as_prop mean_loc_hyd_dens hydrophobicity_score volume_score polarity_score charge_score prop_polar_atm as_density as_max_dst convex_hull_volume nb_abpa ALA ARG ASN ASP CYS GLN GLU GLY HIS ILE LEU LYS MET PHE PRO SER THR TRP TYR VAL
1 63.33 40.74 12.97 27.78 3.82 0.00 3.82 34 3.43 0.25 0.32 7.09 38.29 4.71 4 0 50.00 1.20 3.50 0.10 5   0   0   0   1   0   0   0   0   0   0   2   1   0   0   0   0   1   0   1   1
2 193.92 125.22 52.77 72.46 74.89 36.66 38.23 34 3.83 0.63 0.29 7.00 24.90 4.30 6 1 45.00 1.44 5.54 3.75 5   0   1   0   1   0   0   0   1   0   0   2   1   0   0   0   1   1   0   1   1
3 137.78 67.59 19.29 48.31 51.79 17.39 34.40 3 3.93 0.62 0.33 0.00 27.00 3.57 4 -1 44.44 3.95 5.53 0.00 2   0   0   0   1   0   0   0   1   0   0   1   0   0   0   0   1   1   0   1   1
4 141.03 91.20 23.57 67.63 46.75 10.43 36.32 51 3.97 0.59 0.41 18.29 29.22 4.00 5 0 42.86 1.38 2.78 0.95 3   0   0   0   1   0   0   0   1   0   0   2   1   0   0   0   1   1   0   1   1
5 87.09 78.05 22.50 55.55 18.25 8.69 9.56 25 3.57 0.43 0.28 5.43 28.57 4.00 4 0 40.00 1.03 2.54 0.47 2   0   0   0   1   0   0   0   0   0   0   2   1   0   0   0   1   1   0   0   1
6 133.65 74.22 15.04 59.17 32.15 3.48 28.67 60 3.73 0.64 0.27 12.25 29.22 4.00 5 0 38.89 1.76 4.43 2.90 7   0   0   0   1   0   0   0   1   0   0   2   1   0   0   0   1   1   0   1   1
7 0.00 0.00 0.00 0.00 0.00 0.00 0.00 0 0.00 0.00 0.00 0.00 0.00 0.00 0 0 0.00 0.00 -1.00 0.00 0   0   0   0   0   0   0   0   0   0   0   0   0   0   0   0   0   0   0   0   0
8 120.78 75.38 15.00 60.38 30.24 3.48 26.76 32 3.75 0.56 0.69 19.73 29.22 4.00 5 0 35.29 1.12 3.58 0.78 4   0   0   0   1   0   0   0   1   0   0   2   1   0   0   0   1   1   0   1   1
9 119.69 68.98 18.26 50.72 24.16 6.96 17.20 27 3.70 0.57 0.48 10.46 29.22 4.00 5 0 53.33 1.79 3.25 1.41 6   0   0   0   1   0   0   0   1   0   0   2   1   0   0   0   1   1   0   1   1
10 105.94 57.40 13.93 43.47 14.77 5.22 9.56 26 3.82 0.58 0.35 7.11 29.22 4.00 5 0 35.71 1.39 3.13 0.44 3   0   0   0   1   0   0   0   1   0   0   2   1   0   0   0   1   1   0   1   1
11 0.00 0.00 0.00 0.00 0.00 0.00 0.00 0 0.00 0.00 0.00 0.00 0.00 0.00 0 0 0.00 0.00 -1.00 0.00 0   0   0   0   0   0   0   0   0   0   0   0   0   0   0   0   0   0   0   0   0
12 0.00 0.00 0.00 0.00 0.00 0.00 0.00 0 0.00 0.00 0.00 0.00 0.00 0.00 0 0 0.00 0.00 -1.00 0.00 0   0   0   0   0   0   0   0   0   0   0   0   0   0   0   0   0   0   0   0   0
13 0.00 0.00 0.00 0.00 0.00 0.00 0.00 0 0.00 0.00 0.00 0.00 0.00 0.00 0 0 0.00 0.00 -1.00 0.00 0   0   0   0   0   0   0   0   0   0   0   0   0   0   0   0   0   0   0   0   0
14 0.00 0.00 0.00 0.00 0.00 0.00 0.00 0 0.00 0.00 0.00 0.00 0.00 0.00 0 0 0.00 0.00 -1.00 0.00 0   0   0   0   0   0   0   0   0   0   0   0   0   0   0   0   0   0   0   0   0
15 0.00 0.00 0.00 0.00 0.00 0.00 0.00 0 0.00 0.00 0.00 0.00 0.00 0.00 0 0 0.00 0.00 -1.00 0.00 0   0   0   0   0   0   0   0   0   0   0   0   0   0   0   0   0   0   0   0   0
16 0.00 0.00 0.00 0.00 0.00 0.00 0.00 0 0.00 0.00 0.00 0.00 0.00 0.00 0 0 0.00 0.00 -1.00 0.00 0   0   0   0   0   0   0   0   0   0   0   0   0   0   0   0   0   0   0   0   0
17 40.18 43.30 22.77 20.53 29.26 15.88 13.38 2 3.62 0.54 0.00 0.00 9.33 5.00 2 0 60.00 0.47 0.47 0.00 2   0   1   0   1   0   0   0   0   0   0   1   0   0   0   0   0   0   0   0   0
18 0.00 0.00 0.00 0.00 0.00 0.00 0.00 0 0.00 0.00 0.00 0.00 0.00 0.00 0 0 0.00 0.00 -1.00 0.00 0   0   0   0   0   0   0   0   0   0   0   0   0   0   0   0   0   0   0   0   0
19 0.00 0.00 0.00 0.00 0.00 0.00 0.00 0 0.00 0.00 0.00 0.00 0.00 0.00 0 0 0.00 0.00 -1.00 0.00 0   0   0   0   0   0   0   0   0   0   0   0   0   0   0   0   0   0   0   0   0
20 0.00 0.00 0.00 0.00 0.00 0.00 0.00 0 0.00 0.00 0.00 0.00 0.00 0.00 0 0 0.00 0.00 -1.00 0.00 0   0   0   0   0   0   0   0   0   0   0   0   0   0   0   0   0   0   0   0   0
21 0.00 0.00 0.00 0.00 0.00 0.00 0.00 0 0.00 0.00 0.00 0.00 0.00 0.00 0 0 0.00 0.00 -1.00 0.00 0   0   0   0   0   0   0   0   0   0   0   0   0   0   0   0   0   0   0   0   0
22 0.00 0.00 0.00 0.00 0.00 0.00 0.00 0 0.00 0.00 0.00 0.00 0.00 0.00 0 0 0.00 0.00 -1.00 0.00 0   0   0   0   0   0   0   0   0   0   0   0   0   0   0   0   0   0   0   0   0
23 0.00 0.00 0.00 0.00 0.00 0.00 0.00 0 0.00 0.00 0.00 0.00 0.00 0.00 0 0 0.00 0.00 -1.00 0.00 0   0   0   0   0   0   0   0   0   0   0   0   0   0   0   0   0   0   0   0   0
24 0.00 0.00 0.00 0.00 0.00 0.00 0.00 0 0.00 0.00 0.00 0.00 0.00 0.00 0 0 0.00 0.00 -1.00 0.00 0   0   0   0   0   0   0   0   0   0   0   0   0   0   0   0   0   0   0   0   0
25 0.00 0.00 0.00 0.00 0.00 0.00 0.00 0 0.00 0.00 0.00 0.00 0.00 0.00 0 0 0.00 0.00 -1.00 0.00 0   0   0   0   0   0   0   0   0   0   0   0   0   0   0   0   0   0   0   0   0
26 0.00 0.00 0.00 0.00 0.00 0.00 0.00 0 0.00 0.00 0.00 0.00 0.00 0.00 0 0 0.00 0.00 -1.00 0.00 0   0   0   0   0   0   0   0   0   0   0   0   0   0   0   0   0   0   0   0   0
27 0.00 0.00 0.00 0.00 0.00 0.00 0.00 0 0.00 0.00 0.00 0.00 0.00 0.00 0 0 0.00 0.00 -1.00 0.00 0   0   0   0   0   0   0   0   0   0   0   0   0   0   0   0   0   0   0   0   0
28 0.00 0.00 0.00 0.00 0.00 0.00 0.00 0 0.00 0.00 0.00 0.00 0.00 0.00 0 0 0.00 0.00 -1.00 0.00 0   0   0   0   0   0   0   0   0   0   0   0   0   0   0   0   0   0   0   0   0
29 0.00 0.00 0.00 0.00 0.00 0.00 0.00 0 0.00 0.00 0.00 0.00 0.00 0.00 0 0 0.00 0.00 -1.00 0.00 0   0   0   0   0   0   0   0   0   0   0   0   0   0   0   0   0   0   0   0   0
30 37.69 60.21 32.43 27.78 49.30 26.37 22.94 2 3.68 0.62 0.00 0.00 9.33 5.00 2 0 75.00 0.00 0.00 0.00 1   0   1   0   1   0   0   0   0   0   0   1   0   0   0   0   0   0   0   0   0
31 0.00 0.00 0.00 0.00 0.00 0.00 0.00 0 0.00 0.00 0.00 0.00 0.00 0.00 0 0 0.00 0.00 -1.00 0.00 0   0   0   0   0   0   0   0   0   0   0   0   0   0   0   0   0   0   0   0   0
32 0.00 0.00 0.00 0.00 0.00 0.00 0.00 0 0.00 0.00 0.00 0.00 0.00 0.00 0 0 0.00 0.00 -1.00 0.00 0   0   0   0   0   0   0   0   0   0   0   0   0   0   0   0   0   0   0   0   0
33 0.00 0.00 0.00 0.00 0.00 0.00 0.00 0 0.00 0.00 0.00 0.00 0.00 0.00 0 0 0.00 0.00 -1.00 0.00 0   0   0   0   0   0   0   0   0   0   0   0   0   0   0   0   0   0   0   0   0
34 0.00 0.00 0.00 0.00 0.00 0.00 0.00 0 0.00 0.00 0.00 0.00 0.00 0.00 0 0 0.00 0.00 -1.00 0.00 0   0   0   0   0   0   0   0   0   0   0   0   0   0   0   0   0   0   0   0   0
35 0.00 0.00 0.00 0.00 0.00 0.00 0.00 0 0.00 0.00 0.00 0.00 0.00 0.00 0 0 0.00 0.00 -1.00 0.00 0   0   0   0   0   0   0   0   0   0   0   0   0   0   0   0   0   0   0   0   0
36 0.00 0.00 0.00 0.00 0.00 0.00 0.00 0 0.00 0.00 0.00 0.00 0.00 0.00 0 0 0.00 0.00 -1.00 0.00 0   0   0   0   0   0   0   0   0   0   0   0   0   0   0   0   0   0   0   0   0
37 0.00 0.00 0.00 0.00 0.00 0.00 0.00 0 0.00 0.00 0.00 0.00 0.00 0.00 0 0 0.00 0.00 -1.00 0.00 0   0   0   0   0   0   0   0   0   0   0   0   0   0   0   0   0   0   0   0   0
38 0.00 0.00 0.00 0.00 0.00 0.00 0.00 0 0.00 0.00 0.00 0.00 0.00 0.00 0 0 0.00 0.00 -1.00 0.00 0   0   0   0   0   0   0   0   0   0   0   0   0   0   0   0   0   0   0   0   0
39 0.00 0.00 0.00 0.00 0.00 0.00 0.00 0 0.00 0.00 0.00 0.00 0.00 0.00 0 0 0.00 0.00 -1.00 0.00 0   0   0   0   0   0   0   0   0   0   0   0   0   0   0   0   0   0   0   0   0
40 0.00 0.00 0.00 0.00 0.00 0.00 0.00 0 0.00 0.00 0.00 0.00 0.00 0.00 0 0 0.00 0.00 -1.00 0.00 0   0   0   0   0   0   0   0   0   0   0   0   0   0   0   0   0   0   0   0   0
41 0.00 0.00 0.00 0.00 0.00 0.00 0.00 0 0.00 0.00 0.00 0.00 0.00 0.00 0 0 0.00 0.00 -1.00 0.00 0   0   0   0   0   0   0   0   0   0   0   0   0   0   0   0   0   0   0   0   0
42 0.00 0.00 0.00 0.00 0.00 0.00 0.00 0 0.00 0.00 0.00 0.00 0.00 0.00 0 0 0.00 0.00 -1.00 0.00 0   0   0   0   0   0   0   0   0   0   0   0   0   0   0   0   0   0   0   0   0
43 0.00 0.00 0.00 0.00 0.00 0.00 0.00 0 0.00 0.00 0.00 0.00 0.00 0.00 0 0 0.00 0.00 -1.00 0.00 0   0   0   0   0   0   0   0   0   0   0   0   0   0   0   0   0   0   0   0   0
44 0.00 0.00 0.00 0.00 0.00 0.00 0.00 0 0.00 0.00 0.00 0.00 0.00 0.00 0 0 0.00 0.00 -1.00 0.00 0   0   0   0   0   0   0   0   0   0   0   0   0   0   0   0   0   0   0   0   0
45 0.00 0.00 0.00 0.00 0.00 0.00 0.00 0 0.00 0.00 0.00 0.00 0.00 0.00 0 0 0.00 0.00 -1.00 0.00 0   0   0   0   0   0   0   0   0   0   0   0   0   0   0   0   0   0   0   0   0
46 0.00 0.00 0.00 0.00 0.00 0.00 0.00 0 0.00 0.00 0.00 0.00 0.00 0.00 0 0 0.00 0.00 -1.00 0.00 0   0   0   0   0   0   0   0   0   0   0   0   0   0   0   0   0   0   0   0   0
47 0.00 0.00 0.00 0.00 0.00 0.00 0.00 0 0.00 0.00 0.00 0.00 0.00 0.00 0 0 0.00 0.00 -1.00 0.00 0   0   0   0   0   0   0   0   0   0   0   0   0   0   0   0   0   0   0   0   0
48 0.00 0.00 0.00 0.00 0.00 0.00 0.00 0 0.00 0.00 0.00 0.00 0.00 0.00 0 0 0.00 0.00 -1.00 0.00 0   0   0   0   0   0   0   0   0   0   0   0   0   0   0   0   0   0   0   0   0
49 0.00 0.00 0.00 0.00 0.00 0.00 0.00 0 0.00 0.00 0.00 0.00 0.00 0.00 0 0 0.00 0.00 -1.00 0.00 0   0   0   0   0   0   0   0   0   0   0   0   0   0   0   0   0   0   0   0   0
50 0.00 0.00 0.00 0.00 0.00 0.00 0.00 0 0.00 0.00 0.00 0.00 0.00 0.00 0 0 0.00 0.00 -1.00 0.00 0   0   0   0   0   0   0   0   0   0   0   0   0   0   0   0   0   0   0   0   0
51 0.00 0.00 0.00 0.00 0.00 0.00 0.00 0 0.00 0.00 0.00 0.00 0.00 0.00 0 0 0.00 0.00 -1.00 0.00 0   0   0   0   0   0   0   0   0   0   0   0   0   0   0   0   0   0   0   0   0
52 0.00 0.00 0.00 0.00 0.00 0.00 0.00 0 0.00 0.00 0.00 0.00 0.00 0.00 0 0 0.00 0.00 -1.00 0.00 0   0   0   0   0   0   0   0   0   0   0   0   0   0   0   0   0   0   0   0   0
53 0.00 0.00 0.00 0.00 0.00 0.00 0.00 0 0.00 0.00 0.00 0.00 0.00 0.00 0 0 0.00 0.00 -1.00 0.00 0   0   0   0   0   0   0   0   0   0   0   0   0   0   0   0   0   0   0   0   0
54 0.00 0.00 0.00 0.00 0.00 0.00 0.00 0 0.00 0.00 0.00 0.00 0.00 0.00 0 0 0.00 0.00 -1.00 0.00 0   0   0   0   0   0   0   0   0   0   0   0   0   0   0   0   0   0   0   0   0
55 0.00 0.00 0.00 0.00 0.00 0.00 0.00 0 0.00 0.00 0.00 0.00 0.00 0.00 0 0 0.00 0.00 -1.00 0.00 0   0   0   0   0   0   0   0   0   0   0   0   0   0   0   0   0   0   0   0   0
56 0.00 0.00 0.00 0.00 0.00 0.00 0.00 0 0.00 0.00 0.00 0.00 0.00 0.00 0 0 0.00 0.00 -1.00 0.00 0   0   0   0   0   0   0   0   0   0   0   0   0   0   0   0   0   0   0   0   0
57 0.00 0.00 0.00 0.00 0.00 0.00 0.00 0 0.00 0.00 0.00 0.00 0.00 0.00 0 0 0.00 0.00 -1.00 0.00 0   0   0   0   0   0   0   0   0   0   0   0   0   0   0   0   0   0   0   0   0
58 0.00 0.00 0.00 0.00 0.00 0.00 0.00 0 0.00 0.00 0.00 0.00 0.00 0.00 0 0 0.00 0.00 -1.00 0.00 0   0   0   0   0   0   0   0   0   0   0   0   0   0   0   0   0   0   0   0   0
59 0.00 0.00 0.00 0.00 0.00 0.00 0.00 0 0.00 0.00 0.00 0.00 0.00 0.00 0 0 0.00 0.00 -1.00 0.00 0   0   0   0   0   0   0   0   0   0   0   0   0   0   0   0   0   0   0   0   0
60 0.00 0.00 0.00 0.00 0.00 0.00 0.00 0 0.00 0.00 0.00 0.00 0.00 0.00 0 0 0.00 0.00 -1.00 0.00 0   0   0   0   0   0   0   0   0   0   0   0   0   0   0   0   0   0   0   0   0
61 0.00 0.00 0.00 0.00 0.00 0.00 0.00 0 0.00 0.00 0.00 0.00 0.00 0.00 0 0 0.00 0.00 -1.00 0.00 0   0   0   0   0   0   0   0   0   0   0   0   0   0   0   0   0   0   0   0   0
62 82.28 76.45 16.07 60.38 18.77 3.48 15.29 9 3.86 0.43 0.78 6.00 28.50 4.67 4 0 37.50 0.64 1.85 0.00 3   0   0   0   1   0   0   0   0   0   0   1   1   0   0   0   0   1   0   1   1
63 0.00 0.00 0.00 0.00 0.00 0.00 0.00 0 0.00 0.00 0.00 0.00 0.00 0.00 0 0 0.00 0.00 -1.00 0.00 0   0   0   0   0   0   0   0   0   0   0   0   0   0   0   0   0   0   0   0   0
64 0.00 0.00 0.00 0.00 0.00 0.00 0.00 0 0.00 0.00 0.00 0.00 0.00 0.00 0 0 0.00 0.00 -1.00 0.00 0   0   0   0   0   0   0   0   0   0   0   0   0   0   0   0   0   0   0   0   0
65 0.00 0.00 0.00 0.00 0.00 0.00 0.00 0 0.00 0.00 0.00 0.00 0.00 0.00 0 0 0.00 0.00 -1.00 0.00 0   0   0   0   0   0   0   0   0   0   0   0   0   0   0   0   0   0   0   0   0
66 0.00 0.00 0.00 0.00 0.00 0.00 0.00 0 0.00 0.00 0.00 0.00 0.00 0.00 0 0 0.00 0.00 -1.00 0.00 0   0   0   0   0   0   0   0   0   0   0   0   0   0   0   0   0   0   0   0   0
67 0.00 0.00 0.00 0.00 0.00 0.00 0.00 0 0.00 0.00 0.00 0.00 0.00 0.00 0 0 0.00 0.00 -1.00 0.00 0   0   0   0   0   0   0   0   0   0   0   0   0   0   0   0   0   0   0   0   0
68 0.00 0.00 0.00 0.00 0.00 0.00 0.00 0 0.00 0.00 0.00 0.00 0.00 0.00 0 0 0.00 0.00 -1.00 0.00 0   0   0   0   0   0   0   0   0   0   0   0   0   0   0   0   0   0   0   0   0
69 0.00 0.00 0.00 0.00 0.00 0.00 0.00 0 0.00 0.00 0.00 0.00 0.00 0.00 0 0 0.00 0.00 -1.00 0.00 0   0   0   0   0   0   0   0   0   0   0   0   0   0   0   0   0   0   0   0   0
70 0.00 0.00 0.00 0.00 0.00 0.00 0.00 0 0.00 0.00 0.00 0.00 0.00 0.00 0 0 0.00 0.00 -1.00 0.00 0   0   0   0   0   0   0   0   0   0   0   0   0   0   0   0   0   0   0   0   0
71 49.13 64.56 36.78 27.78 54.75 29.90 24.85 1 3.85 0.68 0.00 0.00 9.33 5.00 2 0 75.00 -nan -1.00 0.00 2   0   1   0   1   0   0   0   0   0   0   1   0   0   0   0   0   0   0   0   0
72 0.00 0.00 0.00 0.00 0.00 0.00 0.00 0 0.00 0.00 0.00 0.00 0.00 0.00 0 0 0.00 0.00 -1.00 0.00 0   0   0   0   0   0   0   0   0   0   0   0   0   0   0   0   0   0   0   0   0
73 0.00 0.00 0.00 0.00 0.00 0.00 0.00 0 0.00 0.00 0.00 0.00 0.00 0.00 0 0 0.00 0.00 -1.00 0.00 0   0   0   0   0   0   0   0   0   0   0   0   0   0   0   0   0   0   0   0   0
74 0.00 0.00 0.00 0.00 0.00 0.00 0.00 0 0.00 0.00 0.00 0.00 0.00 0.00 0 0 0.00 0.00 -1.00 0.00 0   0   0   0   0   0   0   0   0   0   0   0   0   0   0   0   0   0   0   0   0
75 0.00 0.00 0.00 0.00 0.00 0.00 0.00 0 0.00 0.00 0.00 0.00 0.00 0.00 0 0 0.00 0.00 -1.00 0.00 0   0   0   0   0   0   0   0   0   0   0   0   0   0   0   0   0   0   0   0   0
76 0.00 0.00 0.00 0.00 0.00 0.00 0.00 0 0.00 0.00 0.00 0.00 0.00 0.00 0 0 0.00 0.00 -1.00 0.00 0   0   0   0   0   0   0   0   0   0   0   0   0   0   0   0   0   0   0   0   0
77 0.00 0.00 0.00 0.00 0.00 0.00 0.00 0 0.00 0.00 0.00 0.00 0.00 0.00 0 0 0.00 0.00 -1.00 0.00 0   0   0   0   0   0   0   0   0   0   0   0   0   0   0   0   0   0   0   0   0
78 0.00 0.00 0.00 0.00 0.00 0.00 0.00 0 0.00 0.00 0.00 0.00 0.00 0.00 0 0 0.00 0.00 -1.00 0.00 0   0   0   0   0   0   0   0   0   0   0   0   0   0   0   0   0   0   0   0   0
79 0.00 0.00 0.00 0.00 0.00 0.00 0.00 0 0.00 0.00 0.00 0.00 0.00 0.00 0 0 0.00 0.00 -1.00 0.00 0   0   0   0   0   0   0   0   0   0   0   0   0   0   0   0   0   0   0   0   0
80 0.00 0.00 0.00 0.00 0.00 0.00 0.00 0 0.00 0.00 0.00 0.00 0.00 0.00 0 0 0.00 0.00 -1.00 0.00 0   0   0   0   0   0   0   0   0   0   0   0   0   0   0   0   0   0   0   0   0
81 0.00 0.00 0.00 0.00 0.00 0.00 0.00 0 0.00 0.00 0.00 0.00 0.00 0.00 0 0 0.00 0.00 -1.00 0.00 0   0   0   0   0   0   0   0   0   0   0   0   0   0   0   0   0   0   0   0   0
82 0.00 0.00 0.00 0.00 0.00 0.00 0.00 0 0.00 0.00 0.00 0.00 0.00 0.00 0 0 0.00 0.00 -1.00 0.00 0   0   0   0   0   0   0   0   0   0   0   0   0   0   0   0   0   0   0   0   0
83 0.00 0.00 0.00 0.00 0.00 0.00 0.00 0 0.00 0.00 0.00 0.00 0.00 0.00 0 0 0.00 0.00 -1.00 0.00 0   0   0   0   0   0   0   0   0   0   0   0   0   0   0   0   0   0   0   0   0
84 0.00 0.00 0.00 0.00 0.00 0.00 0.00 0 0.00 0.00 0.00 0.00 0.00 0.00 0 0 0.00 0.00 -1.00 0.00 0   0   0   0   0   0   0   0   0   0   0   0   0   0   0   0   0   0   0   0   0
85 0.00 0.00 0.00 0.00 0.00 0.00 0.00 0 0.00 0.00 0.00 0.00 0.00 0.00 0 0 0.00 0.00 -1.00 0.00 0   0   0   0   0   0   0   0   0   0   0   0   0   0   0   0   0   0   0   0   0
86 0.00 0.00 0.00 0.00 0.00 0.00 0.00 0 0.00 0.00 0.00 0.00 0.00 0.00 0 0 0.00 0.00 -1.00 0.00 0   0   0   0   0   0   0   0   0   0   0   0   0   0   0   0   0   0   0   0   0
87 0.00 0.00 0.00 0.00 0.00 0.00 0.00 0 0.00 0.00 0.00 0.00 0.00 0.00 0 0 0.00 0.00 -1.00 0.00 0   0   0   0   0   0   0   0   0   0   0   0   0   0   0   0   0   0   0   0   0
88 0.00 0.00 0.00 0.00 0.00 0.00 0.00 0 0.00 0.00 0.00 0.00 0.00 0.00 0 0 0.00 0.00 -1.00 0.00 0   0   0   0   0   0   0   0   0   0   0   0   0   0   0   0   0   0   0   0   0
89 0.00 0.00 0.00 0.00 0.00 0.00 0.00 0 0.00 0.00 0.00 0.00 0.00 0.00 0 0 0.00 0.00 -1.00 0.00 0   0   0   0   0   0   0   0   0   0   0   0   0   0   0   0   0   0   0   0   0
90 0.00 0.00 0.00 0.00 0.00 0.00 0.00 0 0.00 0.00 0.00 0.00 0.00 0.00 0 0 0.00 0.00 -1.00 0.00 0   0   0   0   0   0   0   0   0   0   0   0   0   0   0   0   0   0   0   0   0
91 0.00 0.00 0.00 0.00 0.00 0.00 0.00 0 0.00 0.00 0.00 0.00 0.00 0.00 0 0 0.00 0.00 -1.00 0.00 0   0   0   0   0   0   0   0   0   0   0   0   0   0   0   0   0   0   0   0   0
92 0.00 0.00 0.00 0.00 0.00 0.00 0.00 0 0.00 0.00 0.00 0.00 0.00 0.00 0 0 0.00 0.00 -1.00 0.00 0   0   0   0   0   0   0   0   0   0   0   0   0   0   0   0   0   0   0   0   0
93 0.00 0.00 0.00 0.00 0.00 0.00 0.00 0 0.00 0.00 0.00 0.00 0.00 0.00 0 0 0.00 0.00 -1.00 0.00 0   0   0   0   0   0   0   0   0   0   0   0   0   0   0   0   0   0   0   0   0
94 0.00 0.00 0.00 0.00 0.00 0.00 0.00 0 0.00 0.00 0.00 0.00 0.00 0.00 0 0 0.00 0.00 -1.00 0.00 0   0   0   0   0   0   0   0   0   0   0   0   0   0   0   0   0   0   0   0   0
95 0.00 0.00 0.00 0.00 0.00 0.00 0.00 0 0.00 0.00 0.00 0.00 0.00 0.00 0 0 0.00 0.00 -1.00 0.00 0   0   0   0   0   0   0   0   0   0   0   0   0   0   0   0   0   0   0   0   0
96 0.00 0.00 0.00 0.00 0.00 0.00 0.00 0 0.00 0.00 0.00 0.00 0.00 0.00 0 0 0.00 0.00 -1.00 0.00 0   0   0   0   0   0   0   0   0   0   0   0   0   0   0   0   0   0   0   0   0
97 0.00 0.00 0.00 0.00 0.00 0.00 0.00 0 0.00 0.00 0.00 0.00 0.00 0.00 0 0 0.00 0.00 -1.00 0.00 0   0   0   0   0   0   0   0   0   0   0   0   0   0   0   0   0   0   0   0   0
98 0.00 0.00 0.00 0.00 0.00 0.00 0.00 0 0.00 0.00 0.00 0.00 0.00 0.00 0 0 0.00 0.00 -1.00 0.00 0   0   0   0   0   0   0   0   0   0   0   0   0   0   0   0   0   0   0   0   0
99 0.00 0.00 0.00 0.00 0.00 0.00 0.00 0 0.00 0.00 0.00 0.00 0.00 0.00 0 0 0.00 0.00 -1.00 0.00 0   0   0   0   0   0   0   0   0   0   0   0   0   0   0   0   0   0   0   0   0
100 0.00 0.00 0.00 0.00 0.00 0.00 0.00 0 0.00 0.00 0.00 0.00 0.00 0.00 0 0 0.00 0.00 -1.00 0.00 0   0   0   0   0   0   0   0   0   0   0   0   0   0   0   0   0   0   0   0   0
101 0.00 0.00 0.00 0.00 0.00 0.00 0.00 0 0.00 0.00 0.00 0.00 0.00 0.00 0 0 0.00 0.00 -1.00 0.00 0   0   0   0   0   0   0   0   0   0   0   0   0   0   0   0   0   0   0   0   0
